peptide,inference,sample,conf
AAA,5,5,-1.38
AAA,5,5,-1.52
AAA,5,5,-1.33
AAA,10,5,-1.01
AAA,10,5,-1.79
AAA,15,5,-2.09
AAA,15,5,-1.27
AAA,20,5,-1.79
AAA,20,5,-1.29
AAA,25,5,-1.05
AAA,25,5,-0.85
AAA,30,5,-1.32
ADN,5,5,-1.99
ADN,5,5,-1.90
WPA,5,5,-2.02
WPA,5,5,-2.55
YYY,5,5,-2.46
YYY,5,5,-2.51
AAA,35,5,-1.81
AAA,40,5,-1.42
AAA,45,5,-1.17
AAA,50,5,-0.88
AAA,55,5,-2.33
AAA,60,5,-1.51
AAA,65,5,-1.58
AAA,70,5,-1.82
AAA,75,5,-1.58
AAA,80,5,-2.39
AAA,85,5,-1.71
AAA,90,5,-1.15
AAA,95,5,-1.57
AAA,5,10,-1.62
AAA,10,10,-2.02
AAA,15,10,-1.11
AAA,20,10,-2.45
AAA,25,10,-1.46
AAA,30,10,-1.06
AAA,35,10,-1.63
AAA,40,10,-1.11
AAA,45,10,-1.98
AAA,50,10,-2.14
AAA,55,10,-1.41
AAA,60,10,-1.87
AAA,65,10,-1.20
AAA,70,10,-1.55
AAA,75,10,-1.53
AAA,80,10,-1.88
AAA,85,10,-2.25
AAA,90,10,-1.75
AAA,95,10,-1.76
AAA,5,15,-1.53
AAA,10,15,-1.81
AAA,15,15,-1.60
AAA,20,15,-1.74
AAA,25,15,-1.58
AAA,30,15,-1.60
AAA,35,15,-1.67
AAA,40,15,-1.51
AAA,45,15,-1.34
AAA,50,15,-1.25
AAA,55,15,-1.05
AAA,60,15,-1.24
AAA,65,15,-1.19
AAA,70,15,-1.55
AAA,75,15,-1.63
AAA,80,15,-1.42
AAA,85,15,-1.33
AAA,90,15,-0.96
AAA,95,15,-1.70
AAA,5,20,-1.43
AAA,10,20,-1.16
AAA,15,20,-0.87
AAA,20,20,-1.21
AAA,25,20,-1.54
AAA,30,20,-1.62
AAA,35,20,-1.19
AAA,40,20,-1.42
AAA,45,20,-1.23
AAA,50,20,-1.12
AAA,55,20,-1.59
AAA,60,20,-2.07
AAA,65,20,-1.66
AAA,70,20,-1.59
AAA,75,20,-1.85
AAA,80,20,-1.30
AAA,85,20,-1.78
AAA,90,20,-1.74
AAA,95,20,-1.76
AAA,5,25,-1.88
AAA,10,25,-2.10
AAA,15,25,-1.82
AAA,20,25,-1.06
AAA,25,25,-1.68
AAA,30,25,-1.69
AAA,35,25,-1.77
AAA,40,25,-1.70
AAA,45,25,-1.54
AAA,50,25,-1.33
AAA,55,25,-1.85
AAA,60,25,-2.17
AAA,65,25,-1.89
AAA,70,25,-1.75
AAA,75,25,-1.08
AAA,80,25,-1.84
AAA,85,25,-1.64
AAA,90,25,-1.58
AAA,95,25,-1.48
AAA,5,30,-2.21
AAA,10,30,-1.24
AAA,15,30,-1.12
AAA,20,30,-1.82
AAA,25,30,-1.49
AAA,30,30,-1.82
AAA,35,30,-2.11
AAA,40,30,-1.54
AAA,45,30,-1.29
AAA,50,30,-1.39
AAA,55,30,-1.40
AAA,60,30,-1.74
AAA,65,30,-1.24
AAA,70,30,-1.50
AAA,75,30,-2.50
AAA,80,30,-2.54
AAA,85,30,-1.39
AAA,90,30,-1.30
AAA,95,30,-1.78
AAA,5,35,-1.83
AAA,10,35,-1.44
AAA,15,35,-1.53
AAA,20,35,-1.55
AAA,25,35,-1.25
AAA,30,35,-1.33
AAA,35,35,-2.45
AAA,40,35,-1.79
AAA,45,35,-1.65
AAA,50,35,-2.40
AAA,55,35,-1.19
AAA,60,35,-2.26
AAA,65,35,-1.74
AAA,70,35,-1.73
AAA,75,35,-1.67
AAA,80,35,-1.24
AAA,85,35,-2.22
AAA,90,35,-2.11
AAA,95,35,-1.40
AAA,5,40,-1.61
AAA,10,40,-1.81
AAA,15,40,-1.12
AAA,20,40,-1.94
AAA,25,40,-2.13
AAA,30,40,-1.61
AAA,35,40,-1.63
AAA,40,40,-1.15
AAA,45,40,-1.21
AAA,50,40,-1.61
AAA,55,40,-1.58
AAA,60,40,-1.09
AAA,65,40,-1.38
AAA,70,40,-1.46
AAA,75,40,-1.23
AAA,80,40,-1.19
AAA,85,40,-1.56
AAA,90,40,-1.33
AAA,95,40,-1.80
AAA,5,45,-2.24
AAA,10,45,-1.06
AAA,15,45,-1.62
AAA,20,45,-2.05
AAA,25,45,-1.90
AAA,30,45,-1.96
AAA,35,45,-1.50
AAA,40,45,-1.99
AAA,45,45,-2.25
AAA,50,45,-1.47
AAA,55,45,-1.04
AAA,60,45,-1.66
AAA,65,45,-2.21
AAA,70,45,-1.18
AAA,75,45,-2.16
AAA,80,45,-2.29
AAA,85,45,-1.43
AAA,90,45,-2.03
AAA,95,45,-1.90
AAA,5,50,-1.12
AAA,10,50,-1.50
AAA,15,50,-1.90
AAA,20,50,-1.16
AAA,25,50,-1.49
AAA,30,50,-1.79
AAA,35,50,-2.34
AAA,40,50,-1.58
AAA,45,50,-1.60
AAA,50,50,-1.17
AAA,55,50,-1.27
AAA,60,50,-2.18
AAA,65,50,-2.45
AAA,70,50,-1.52
AAA,75,50,-1.25
AAA,80,50,-1.31
AAA,85,50,-2.35
AAA,90,50,-1.98
AAA,95,50,-1.58
AAA,5,55,-2.26
AAA,10,55,-1.62
AAA,15,55,-1.39
AAA,20,55,-2.45
AAA,25,55,-1.30
AAA,30,55,-1.17
AAA,35,55,-1.66
AAA,40,55,-1.07
AAA,45,55,-1.11
AAA,50,55,-1.17
AAA,55,55,-1.47
AAA,60,55,-1.22
AAA,65,55,-1.32
AAA,70,55,-2.04
AAA,75,55,-1.47
AAA,80,55,-1.74
AAA,85,55,-1.45
AAA,90,55,-1.27
AAA,95,55,-1.12
AAA,5,60,-1.58
AAA,10,60,-1.15
AAA,15,60,-1.44
AAA,20,60,-1.22
AAA,25,60,-1.86
AAA,30,60,-1.53
AAA,35,60,-2.09
AAA,40,60,-1.63
AAA,45,60,-2.29
AAA,50,60,-1.49
AAA,55,60,-2.33
AAA,60,60,-1.15
AAA,65,60,-2.01
AAA,70,60,-1.51
AAA,75,60,-2.60
AAA,80,60,-1.48
AAA,85,60,-2.16
AAA,90,60,-1.78
AAA,95,60,-1.19
AAA,5,65,-1.81
AAA,10,65,-1.86
AAA,15,65,-1.84
AAA,20,65,-1.78
AAA,25,65,-2.46
AAA,30,65,-1.45
AAA,35,65,-1.90
AAA,40,65,-1.19
AAA,45,65,-1.74
AAA,50,65,-1.36
AAA,55,65,-1.27
AAA,60,65,-1.54
AAA,65,65,-1.80
AAA,70,65,-1.16
AAA,75,65,-2.16
AAA,80,65,-1.43
AAA,85,65,-1.14
AAA,90,65,-1.41
AAA,95,65,-1.12
AAA,5,70,-1.59
AAA,10,70,-1.62
AAA,15,70,-2.02
AAA,20,70,-1.63
AAA,25,70,-1.26
AAA,30,70,-1.82
AAA,35,70,-2.22
AAA,40,70,-1.47
AAA,45,70,-1.78
AAA,50,70,-1.37
AAA,55,70,-1.75
AAA,60,70,-2.38
AAA,65,70,-1.96
AAA,70,70,-1.34
AAA,75,70,-1.87
AAA,80,70,-1.75
AAA,85,70,-1.76
AAA,90,70,-1.13
AAA,95,70,-1.47
AAA,5,75,-1.69
AAA,10,75,-1.41
AAA,15,75,-2.06
AAA,20,75,-1.55
AAA,25,75,-1.35
AAA,30,75,-2.09
AAA,35,75,-2.18
AAA,40,75,-2.22
AAA,45,75,-1.47
AAA,50,75,-1.82
AAA,55,75,-1.58
AAA,60,75,-1.15
AAA,65,75,-2.26
AAA,70,75,-1.76
AAA,75,75,-1.88
AAA,80,75,-1.59
AAA,85,75,-1.78
AAA,90,75,-1.91
AAA,95,75,-1.33
AAA,5,80,-1.15
AAA,10,80,-1.34
AAA,15,80,-1.40
AAA,20,80,-1.17
AAA,25,80,-1.19
AAA,30,80,-1.44
AAA,35,80,-1.89
AAA,40,80,-1.43
AAA,45,80,-1.15
AAA,50,80,-1.31
AAA,55,80,-1.12
AAA,60,80,-1.28
AAA,65,80,-1.27
AAA,70,80,-1.25
AAA,75,80,-1.73
AAA,80,80,-1.65
AAA,85,80,-2.13
AAA,90,80,-2.08
AAA,95,80,-1.46
AAA,5,85,-1.59
AAA,10,85,-1.88
AAA,15,85,-1.63
AAA,20,85,-1.31
AAA,25,85,-1.19
AAA,30,85,-1.20
AAA,35,85,-1.12
AAA,40,85,-1.59
AAA,45,85,-1.10
AAA,50,85,-1.28
AAA,55,85,-2.05
AAA,60,85,-1.73
AAA,65,85,-1.07
AAA,70,85,-1.16
AAA,75,85,-1.16
AAA,80,85,-2.30
AAA,85,85,-1.21
AAA,90,85,-1.06
AAA,95,85,-2.52
AAA,5,90,-2.16
AAA,10,90,-1.93
AAA,15,90,-1.94
AAA,20,90,-1.71
AAA,25,90,-1.62
AAA,30,90,-1.87
AAA,35,90,-1.78
AAA,40,90,-2.20
AAA,45,90,-1.02
AAA,50,90,-1.21
AAA,55,90,-1.90
AAA,60,90,-2.25
AAA,65,90,-1.62
AAA,70,90,-1.81
AAA,75,90,-1.95
AAA,80,90,-2.19
AAA,85,90,-1.79
AAA,90,90,-1.53
AAA,95,90,-2.03
AAA,5,95,-1.97
AAA,10,95,-1.21
AAA,15,95,-1.55
AAA,20,95,-1.69
AAA,25,95,-1.73
AAA,30,95,-1.08
AAA,35,95,-1.10
AAA,40,95,-1.62
AAA,45,95,-1.79
AAA,50,95,-1.18
AAA,55,95,-1.75
AAA,60,95,-1.09
AAA,65,95,-1.40
AAA,70,95,-1.78
AAA,75,95,-1.66
AAA,80,95,-1.58
AAA,85,95,-2.39
AAA,90,95,-1.47
AAA,95,95,-1.13
ADN,10,5,-1.62
ADN,15,5,-2.14
ADN,20,5,-1.88
ADN,25,5,-2.47
ADN,30,5,-1.96
ADN,35,5,-1.04
ADN,40,5,-2.29
ADN,45,5,-2.37
ADN,50,5,-2.28
ADN,55,5,-2.16
ADN,60,5,-2.21
ADN,65,5,-2.11
ADN,70,5,-1.98
ADN,75,5,-2.14
ADN,80,5,-1.41
ADN,85,5,-1.94
ADN,90,5,-1.73
ADN,95,5,-2.38
ADN,5,10,-1.99
ADN,10,10,-2.06
ADN,15,10,-1.82
ADN,20,10,-1.67
ADN,25,10,-2.19
ADN,30,10,-2.25
ADN,35,10,-1.49
ADN,40,10,-2.08
ADN,45,10,-2.15
ADN,50,10,-2.44
ADN,55,10,-1.92
ADN,60,10,-1.62
ADN,65,10,-2.58
ADN,70,10,-2.18
ADN,75,10,-1.78
ADN,80,10,-1.93
ADN,85,10,-2.19
ADN,90,10,-1.73
ADN,95,10,-1.95
ADN,5,15,-1.80
ADN,10,15,-2.46
ADN,15,15,-1.84
ADN,20,15,-1.78
ADN,25,15,-1.75
ADN,30,15,-2.14
ADN,35,15,-1.72
ADN,40,15,-1.48
ADN,45,15,-1.93
ADN,50,15,-2.07
ADN,55,15,-2.33
ADN,60,15,-1.56
ADN,65,15,-1.80
ADN,70,15,-1.31
ADN,75,15,-2.19
ADN,80,15,-2.41
ADN,85,15,-1.99
ADN,90,15,-2.23
ADN,95,15,-1.34
ADN,5,20,-1.49
ADN,10,20,-2.23
ADN,15,20,-1.78
ADN,20,20,-1.96
ADN,25,20,-2.02
ADN,30,20,-1.88
ADN,35,20,-1.96
ADN,40,20,-2.09
ADN,45,20,-2.25
ADN,50,20,-2.30
ADN,55,20,-1.93
ADN,60,20,-1.78
ADN,65,20,-2.10
ADN,70,20,-1.50
ADN,75,20,-2.37
ADN,80,20,-2.03
ADN,85,20,-1.73
ADN,90,20,-2.42
ADN,95,20,-1.49
ADN,5,25,-2.21
ADN,10,25,-1.65
ADN,15,25,-1.75
ADN,20,25,-2.02
ADN,25,25,-2.14
ADN,30,25,-2.09
ADN,35,25,-1.61
ADN,40,25,-2.17
ADN,45,25,-1.48
ADN,50,25,-2.03
ADN,55,25,-2.51
ADN,60,25,-1.94
ADN,65,25,-2.43
ADN,70,25,-2.35
ADN,75,25,-2.15
ADN,80,25,-1.52
ADN,85,25,-1.99
ADN,90,25,-1.91
ADN,95,25,-2.37
ADN,5,30,-2.37
ADN,10,30,-2.25
ADN,15,30,-2.34
ADN,20,30,-2.09
ADN,25,30,-1.79
ADN,30,30,-1.89
ADN,35,30,-2.39
ADN,40,30,-1.63
ADN,45,30,-2.23
ADN,50,30,-1.84
ADN,55,30,-2.15
ADN,60,30,-1.75
ADN,65,30,-1.93
ADN,70,30,-1.88
ADN,75,30,-1.50
ADN,80,30,-1.66
ADN,85,30,-1.78
ADN,90,30,-1.91
ADN,95,30,-2.33
ADN,5,35,-2.16
ADN,10,35,-2.27
ADN,15,35,-1.60
ADN,20,35,-1.93
ADN,25,35,-1.63
ADN,30,35,-1.77
ADN,35,35,-2.07
ADN,40,35,-2.07
ADN,45,35,-1.89
ADN,50,35,-1.85
ADN,55,35,-2.36
ADN,60,35,-1.47
ADN,65,35,-1.58
ADN,70,35,-1.89
ADN,75,35,-1.85
ADN,80,35,-1.96
ADN,85,35,-1.99
ADN,90,35,-1.84
ADN,95,35,-2.09
ADN,5,40,-1.57
ADN,10,40,-1.92
ADN,15,40,-2.15
ADN,20,40,-1.74
ADN,25,40,-2.64
ADN,30,40,-1.26
ADN,35,40,-1.90
ADN,40,40,-1.87
ADN,45,40,-2.26
ADN,50,40,-2.50
ADN,55,40,-2.14
ADN,60,40,-1.88
ADN,65,40,-2.17
ADN,70,40,-2.05
ADN,75,40,-1.62
ADN,80,40,-2.11
ADN,85,40,-2.05
ADN,90,40,-1.21
ADN,95,40,-2.29
ADN,5,45,-1.61
ADN,10,45,-1.41
ADN,15,45,-2.15
ADN,20,45,-2.07
ADN,25,45,-2.03
ADN,30,45,-1.59
ADN,35,45,-2.08
ADN,40,45,-2.47
ADN,45,45,-1.69
ADN,50,45,-1.91
ADN,55,45,-1.98
ADN,60,45,-2.31
ADN,65,45,-1.86
ADN,70,45,-1.82
ADN,75,45,-2.56
ADN,80,45,-2.23
ADN,85,45,-1.72
ADN,90,45,-2.49
ADN,95,45,-2.22
ADN,5,50,-2.38
ADN,10,50,-2.07
ADN,15,50,-1.89
ADN,20,50,-1.58
ADN,25,50,-1.67
ADN,30,50,-1.85
ADN,35,50,-2.38
ADN,40,50,-1.46
ADN,45,50,-1.87
ADN,50,50,-2.07
ADN,55,50,-1.15
ADN,60,50,-2.14
ADN,65,50,-1.64
ADN,70,50,-1.90
ADN,75,50,-1.78
ADN,80,50,-2.10
ADN,85,50,-2.39
ADN,90,50,-2.04
ADN,95,50,-1.82
ADN,5,55,-2.12
ADN,10,55,-2.16
ADN,15,55,-1.87
ADN,20,55,-1.96
ADN,25,55,-2.29
ADN,30,55,-2.09
ADN,35,55,-1.71
ADN,40,55,-1.95
ADN,45,55,-2.48
ADN,50,55,-1.59
ADN,55,55,-2.45
ADN,60,55,-2.03
ADN,65,55,-1.54
ADN,70,55,-2.18
ADN,75,55,-1.55
ADN,80,55,-1.79
ADN,85,55,-2.12
ADN,90,55,-1.62
ADN,95,55,-1.56
ADN,5,60,-2.06
ADN,10,60,-2.47
ADN,15,60,-2.13
ADN,20,60,-1.55
ADN,25,60,-2.17
ADN,30,60,-1.66
ADN,35,60,-1.64
ADN,40,60,-1.97
ADN,45,60,-1.58
ADN,50,60,-1.69
ADN,55,60,-2.48
ADN,60,60,-2.49
ADN,65,60,-1.90
ADN,70,60,-1.87
ADN,75,60,-1.68
ADN,80,60,-2.30
ADN,85,60,-1.81
ADN,90,60,-2.20
ADN,95,60,-2.14
ADN,5,65,-2.38
ADN,10,65,-2.29
ADN,15,65,-2.41
ADN,20,65,-2.04
ADN,25,65,-1.97
ADN,30,65,-1.91
ADN,35,65,-1.71
ADN,40,65,-2.15
ADN,45,65,-1.98
ADN,50,65,-2.36
ADN,55,65,-1.57
ADN,60,65,-2.16
ADN,65,65,-2.14
ADN,70,65,-1.81
ADN,75,65,-1.54
ADN,80,65,-2.30
ADN,85,65,-1.56
ADN,90,65,-1.94
ADN,95,65,-1.92
ADN,5,70,-1.77
ADN,10,70,-1.80
ADN,15,70,-1.74
ADN,20,70,-2.14
ADN,25,70,-2.10
ADN,30,70,-1.42
ADN,35,70,-2.27
ADN,40,70,-2.25
ADN,45,70,-2.08
ADN,50,70,-1.80
ADN,55,70,-2.25
ADN,60,70,-1.72
ADN,65,70,-2.25
ADN,70,70,-1.90
ADN,75,70,-2.17
ADN,80,70,-1.93
ADN,85,70,-2.26
ADN,90,70,-1.64
ADN,95,70,-1.61
ADN,5,75,-1.99
ADN,10,75,-1.58
ADN,15,75,-1.84
ADN,20,75,-1.54
ADN,25,75,-2.23
ADN,30,75,-1.68
ADN,35,75,-2.17
ADN,40,75,-1.75
ADN,45,75,-1.28
ADN,50,75,-1.89
ADN,55,75,-1.84
ADN,60,75,-2.11
ADN,65,75,-1.91
ADN,70,75,-2.14
ADN,75,75,-2.01
ADN,80,75,-1.74
ADN,85,75,-2.16
ADN,90,75,-1.75
ADN,95,75,-1.50
ADN,5,80,-1.81
ADN,10,80,-2.08
ADN,15,80,-1.86
ADN,20,80,-1.96
ADN,25,80,-1.60
ADN,30,80,-1.45
ADN,35,80,-2.42
ADN,40,80,-1.43
ADN,45,80,-1.99
ADN,50,80,-1.81
ADN,55,80,-2.18
ADN,60,80,-1.70
ADN,65,80,-2.09
ADN,70,80,-1.68
ADN,75,80,-2.11
ADN,80,80,-2.09
ADN,85,80,-2.23
ADN,90,80,-1.63
ADN,95,80,-1.85
ADN,5,85,-2.50
ADN,10,85,-1.84
ADN,15,85,-1.48
ADN,20,85,-1.80
ADN,25,85,-1.84
ADN,30,85,-1.99
ADN,35,85,-1.88
ADN,40,85,-1.97
ADN,45,85,-1.95
ADN,50,85,-1.82
ADN,55,85,-2.55
ADN,60,85,-1.77
ADN,65,85,-2.47
ADN,70,85,-1.98
ADN,75,85,-1.96
ADN,80,85,-1.99
ADN,85,85,-1.99
ADN,90,85,-2.09
ADN,95,85,-1.98
ADN,5,90,-1.79
ADN,10,90,-2.12
ADN,15,90,-1.60
ADN,20,90,-1.79
ADN,25,90,-1.99
ADN,30,90,-2.27
ADN,35,90,-1.86
ADN,40,90,-2.39
ADN,45,90,-1.48
ADN,50,90,-2.01
ADN,55,90,-2.17
ADN,60,90,-1.61
ADN,65,90,-2.39
ADN,70,90,-2.59
ADN,75,90,-1.61
ADN,80,90,-1.82
ADN,85,90,-1.79
ADN,90,90,-2.34
ADN,95,90,-2.26
ADN,5,95,-1.89
ADN,10,95,-1.98
ADN,15,95,-2.35
ADN,20,95,-1.87
ADN,25,95,-1.89
ADN,30,95,-2.18
ADN,35,95,-2.33
ADN,40,95,-1.96
ADN,45,95,-2.21
ADN,50,95,-1.76
ADN,55,95,-1.95
ADN,60,95,-1.47
ADN,65,95,-2.35
ADN,70,95,-1.65
ADN,75,95,-1.79
ADN,80,95,-2.30
ADN,85,95,-1.89
ADN,90,95,-1.69
ADN,95,95,-1.78
WPA,10,5,-2.29
WPA,15,5,-2.73
WPA,20,5,-2.49
WPA,25,5,-3.27
WPA,30,5,-3.11
WPA,35,5,-2.92
WPA,40,5,-3.41
WPA,45,5,-1.38
WPA,50,5,-2.95
WPA,55,5,-2.61
WPA,60,5,-2.63
WPA,65,5,-1.55
WPA,70,5,-2.51
WPA,75,5,-2.30
WPA,80,5,-1.45
WPA,85,5,-2.25
WPA,90,5,-2.21
WPA,95,5,-2.49
WPA,5,10,-2.36
WPA,10,10,-2.30
WPA,15,10,-1.77
WPA,20,10,-1.45
WPA,25,10,-1.46
WPA,30,10,-2.67
WPA,35,10,-1.12
WPA,40,10,-2.19
WPA,45,10,-2.42
WPA,50,10,-2.23
WPA,55,10,-1.67
WPA,60,10,-2.80
WPA,65,10,-1.96
WPA,70,10,-1.73
WPA,75,10,-1.53
WPA,80,10,-2.49
WPA,85,10,-1.49
WPA,90,10,-1.86
WPA,95,10,-2.35
WPA,5,15,-2.62
WPA,10,15,-2.04
WPA,15,15,-1.27
WPA,20,15,-2.75
WPA,25,15,-2.91
WPA,30,15,-2.11
WPA,35,15,-2.15
WPA,40,15,-2.75
WPA,45,15,-1.47
WPA,50,15,-2.78
WPA,55,15,-1.57
WPA,60,15,-1.30
WPA,65,15,-1.69
WPA,70,15,-1.28
WPA,75,15,-1.89
WPA,80,15,-1.44
WPA,85,15,-1.67
WPA,90,15,-1.84
WPA,95,15,-2.77
WPA,5,20,-1.67
WPA,10,20,-1.78
WPA,15,20,-2.01
WPA,20,20,-2.56
WPA,25,20,-1.37
WPA,30,20,-1.75
WPA,35,20,-1.98
WPA,40,20,-1.83
WPA,45,20,-1.83
WPA,50,20,-1.65
WPA,55,20,-1.42
WPA,60,20,-1.88
WPA,65,20,-1.71
WPA,70,20,-2.68
WPA,75,20,-2.11
WPA,80,20,-2.51
WPA,85,20,-1.29
WPA,90,20,-2.00
WPA,95,20,-2.12
WPA,5,25,-2.92
WPA,10,25,-2.56
WPA,15,25,-2.82
WPA,20,25,-2.65
WPA,25,25,-2.08
WPA,30,25,-1.55
WPA,35,25,-1.80
WPA,40,25,-2.58
WPA,45,25,-2.80
WPA,50,25,-2.04
WPA,55,25,-2.29
WPA,60,25,-2.36
WPA,65,25,-2.54
WPA,70,25,-2.65
WPA,75,25,-1.82
WPA,80,25,-1.51
WPA,85,25,-2.56
WPA,90,25,-2.86
WPA,95,25,-1.96
WPA,5,30,-1.82
WPA,10,30,-3.14
WPA,15,30,-3.46
WPA,20,30,-1.69
WPA,25,30,-1.67
WPA,30,30,-2.71
WPA,35,30,-2.81
WPA,40,30,-2.65
WPA,45,30,-2.31
WPA,50,30,-1.56
WPA,55,30,-3.21
WPA,60,30,-2.54
WPA,65,30,-2.64
WPA,70,30,-2.51
WPA,75,30,-2.30
WPA,80,30,-2.54
WPA,85,30,-1.58
WPA,90,30,-2.06
WPA,95,30,-2.82
WPA,5,35,-2.35
WPA,10,35,-1.20
WPA,15,35,-2.08
WPA,20,35,-2.61
WPA,25,35,-1.58
WPA,30,35,-2.66
WPA,35,35,-2.27
WPA,40,35,-2.28
WPA,45,35,-2.89
WPA,50,35,-1.92
WPA,55,35,-1.94
WPA,60,35,-1.58
WPA,65,35,-1.91
WPA,70,35,-3.30
WPA,75,35,-2.37
WPA,80,35,-1.79
WPA,85,35,-2.43
WPA,90,35,-2.83
WPA,95,35,-2.02
WPA,5,40,-1.77
WPA,10,40,-2.25
WPA,15,40,-2.18
WPA,20,40,-2.29
WPA,25,40,-1.45
WPA,30,40,-1.84
WPA,35,40,-1.82
WPA,40,40,-2.45
WPA,45,40,-1.52
WPA,50,40,-1.79
WPA,55,40,-2.86
WPA,60,40,-1.39
WPA,65,40,-1.43
WPA,70,40,-1.95
WPA,75,40,-3.27
WPA,80,40,-1.27
WPA,85,40,-2.26
WPA,90,40,-2.41
WPA,95,40,-3.01
WPA,5,45,-1.43
WPA,10,45,-1.52
WPA,15,45,-2.56
WPA,20,45,-1.53
WPA,25,45,-1.50
WPA,30,45,-2.22
WPA,35,45,-2.66
WPA,40,45,-2.13
WPA,45,45,-2.46
WPA,50,45,-2.42
WPA,55,45,-2.37
WPA,60,45,-1.93
WPA,65,45,-2.74
WPA,70,45,-1.68
WPA,75,45,-1.73
WPA,80,45,-2.67
WPA,85,45,-2.54
WPA,90,45,-2.22
WPA,95,45,-2.24
WPA,5,50,-2.04
WPA,10,50,-1.30
WPA,15,50,-1.46
WPA,20,50,-1.55
WPA,25,50,-2.28
WPA,30,50,-2.52
WPA,35,50,-2.96
WPA,40,50,-2.16
WPA,45,50,-1.76
WPA,50,50,-2.07
WPA,55,50,-1.70
WPA,60,50,-2.17
WPA,65,50,-2.09
WPA,70,50,-1.41
WPA,75,50,-1.67
WPA,80,50,-2.51
WPA,85,50,-1.97
WPA,90,50,-1.74
WPA,95,50,-2.56
WPA,5,55,-1.77
WPA,10,55,-2.57
WPA,15,55,-2.90
WPA,20,55,-2.64
WPA,25,55,-2.37
WPA,30,55,-2.11
WPA,35,55,-3.14
WPA,40,55,-1.96
WPA,45,55,-2.61
WPA,50,55,-2.58
WPA,55,55,-2.56
WPA,60,55,-1.82
WPA,65,55,-1.79
WPA,70,55,-1.72
WPA,75,55,-1.97
WPA,80,55,-1.24
WPA,85,55,-2.66
WPA,90,55,-2.72
WPA,95,55,-1.83
WPA,5,60,-1.39
WPA,10,60,-2.59
WPA,15,60,-3.12
WPA,20,60,-1.38
WPA,25,60,-1.34
WPA,30,60,-3.28
WPA,35,60,-1.84
WPA,40,60,-2.57
WPA,45,60,-1.95
WPA,50,60,-1.36
WPA,55,60,-2.14
WPA,60,60,-1.62
WPA,65,60,-1.47
WPA,70,60,-2.40
WPA,75,60,-2.97
WPA,80,60,-1.56
WPA,85,60,-2.43
WPA,90,60,-1.75
WPA,95,60,-2.46
WPA,5,65,-1.22
WPA,10,65,-2.31
WPA,15,65,-1.99
WPA,20,65,-2.09
WPA,25,65,-2.33
WPA,30,65,-3.77
WPA,35,65,-2.50
WPA,40,65,-3.02
WPA,45,65,-2.58
WPA,50,65,-1.64
WPA,55,65,-2.75
WPA,60,65,-2.42
WPA,65,65,-3.19
WPA,70,65,-1.78
WPA,75,65,-1.66
WPA,80,65,-2.35
WPA,85,65,-2.66
WPA,90,65,-1.73
WPA,95,65,-1.69
WPA,5,70,-2.49
WPA,10,70,-2.74
WPA,15,70,-1.96
WPA,20,70,-2.14
WPA,25,70,-1.73
WPA,30,70,-2.62
WPA,35,70,-2.91
WPA,40,70,-2.06
WPA,45,70,-1.80
WPA,50,70,-1.77
WPA,55,70,-1.69
WPA,60,70,-1.97
WPA,65,70,-2.47
WPA,70,70,-1.73
WPA,75,70,-1.78
WPA,80,70,-2.35
WPA,85,70,-2.22
WPA,90,70,-2.63
WPA,95,70,-2.69
WPA,5,75,-2.32
WPA,10,75,-1.83
WPA,15,75,-2.54
WPA,20,75,-3.19
WPA,25,75,-1.85
WPA,30,75,-1.67
WPA,35,75,-2.23
WPA,40,75,-1.72
WPA,45,75,-2.30
WPA,50,75,-2.91
WPA,55,75,-2.05
WPA,60,75,-2.04
WPA,65,75,-2.13
WPA,70,75,-1.55
WPA,75,75,-2.74
WPA,80,75,-1.48
WPA,85,75,-2.09
WPA,90,75,-2.57
WPA,95,75,-1.49
WPA,5,80,-2.13
WPA,10,80,-2.40
WPA,15,80,-1.95
WPA,20,80,-1.59
WPA,25,80,-2.98
WPA,30,80,-1.39
WPA,35,80,-2.17
WPA,40,80,-2.24
WPA,45,80,-1.45
WPA,50,80,-1.59
WPA,55,80,-1.99
WPA,60,80,-2.36
WPA,65,80,-2.15
WPA,70,80,-2.20
WPA,75,80,-1.66
WPA,80,80,-2.23
WPA,85,80,-1.25
WPA,90,80,-3.39
WPA,95,80,-2.71
WPA,5,85,-2.30
WPA,10,85,-1.79
WPA,15,85,-1.66
WPA,20,85,-1.48
WPA,25,85,-2.09
WPA,30,85,-2.42
WPA,35,85,-2.94
WPA,40,85,-2.49
WPA,45,85,-1.74
WPA,50,85,-2.40
WPA,55,85,-1.98
WPA,60,85,-2.20
WPA,65,85,-1.29
WPA,70,85,-2.72
WPA,75,85,-2.98
WPA,80,85,-1.84
WPA,85,85,-2.31
WPA,90,85,-1.76
WPA,95,85,-2.98
WPA,5,90,-1.97
WPA,10,90,-2.40
WPA,15,90,-3.14
WPA,20,90,-1.78
WPA,25,90,-1.48
WPA,30,90,-2.73
WPA,35,90,-2.23
WPA,40,90,-2.30
WPA,45,90,-2.50
WPA,50,90,-1.60
WPA,55,90,-1.31
WPA,60,90,-2.36
WPA,65,90,-1.80
WPA,70,90,-2.07
WPA,75,90,-1.77
WPA,80,90,-3.13
WPA,85,90,-1.84
WPA,90,90,-1.91
WPA,95,90,-2.21
WPA,5,95,-1.83
WPA,10,95,-1.89
WPA,15,95,-1.83
WPA,20,95,-1.53
WPA,25,95,-2.01
WPA,30,95,-1.90
WPA,35,95,-2.45
WPA,40,95,-1.20
WPA,45,95,-1.72
WPA,50,95,-2.44
WPA,55,95,-1.42
WPA,60,95,-1.79
WPA,65,95,-2.05
WPA,70,95,-2.56
WPA,75,95,-1.59
WPA,80,95,-2.38
WPA,85,95,-2.90
WPA,90,95,-1.90
WPA,95,95,-2.26
YYY,10,5,-1.91
YYY,15,5,-3.18
YYY,20,5,-2.71
YYY,25,5,-2.06
YYY,30,5,-2.86
YYY,35,5,-2.27
YYY,40,5,-2.13
YYY,45,5,-1.73
YYY,50,5,-2.06
YYY,55,5,-3.31
YYY,60,5,-3.47
YYY,65,5,-2.64
YYY,70,5,-2.00
YYY,75,5,-2.32
YYY,80,5,-3.24
YYY,85,5,-2.69
YYY,90,5,-2.94
YYY,95,5,-1.48
YYY,5,10,-2.86
YYY,10,10,-3.37
YYY,15,10,-3.64
YYY,20,10,-2.85
YYY,25,10,-3.08
YYY,30,10,-2.31
YYY,35,10,-2.54
YYY,40,10,-1.72
YYY,45,10,-3.01
YYY,50,10,-3.15
YYY,55,10,-3.13
YYY,60,10,-2.51
YYY,65,10,-3.22
YYY,70,10,-3.18
YYY,75,10,-2.71
YYY,80,10,-3.47
YYY,85,10,-2.05
YYY,90,10,-2.37
YYY,95,10,-2.67
YYY,5,15,-2.73
YYY,10,15,-2.14
YYY,15,15,-3.20
YYY,20,15,-1.71
YYY,25,15,-2.77
YYY,30,15,-2.76
YYY,35,15,-3.48
YYY,40,15,-2.97
YYY,45,15,-1.98
YYY,50,15,-2.62
YYY,55,15,-2.29
YYY,60,15,-3.03
YYY,65,15,-2.75
YYY,70,15,-2.92
YYY,75,15,-2.07
YYY,80,15,-2.63
YYY,85,15,-3.19
YYY,90,15,-2.44
YYY,95,15,-2.47
YYY,5,20,-2.30
YYY,10,20,-1.98
YYY,15,20,-2.30
YYY,20,20,-3.42
YYY,25,20,-3.44
YYY,30,20,-3.40
YYY,35,20,-2.69
YYY,40,20,-3.00
YYY,45,20,-2.57
YYY,50,20,-3.27
YYY,55,20,-2.83
YYY,60,20,-2.27
YYY,65,20,-2.52
YYY,70,20,-2.41
YYY,75,20,-2.73
YYY,80,20,-2.05
YYY,85,20,-2.36
YYY,90,20,-2.62
YYY,95,20,-2.29
YYY,5,25,-2.72
YYY,10,25,-2.18
YYY,15,25,-1.55
YYY,20,25,-2.07
YYY,25,25,-3.31
YYY,30,25,-2.38
YYY,35,25,-2.55
YYY,40,25,-2.47
YYY,45,25,-1.96
YYY,50,25,-2.57
YYY,55,25,-2.64
YYY,60,25,-3.68
YYY,65,25,-3.60
YYY,70,25,-2.95
YYY,75,25,-2.94
YYY,80,25,-1.99
YYY,85,25,-2.01
YYY,90,25,-1.95
YYY,95,25,-2.89
YYY,5,30,-2.76
YYY,10,30,-2.90
YYY,15,30,-2.11
YYY,20,30,-2.83
YYY,25,30,-3.32
YYY,30,30,-2.80
YYY,35,30,-2.00
YYY,40,30,-3.00
YYY,45,30,-2.86
YYY,50,30,-3.29
YYY,55,30,-2.65
YYY,60,30,-2.61
YYY,65,30,-2.90
YYY,70,30,-2.45
YYY,75,30,-3.06
YYY,80,30,-2.54
YYY,85,30,-1.66
YYY,90,30,-3.29
YYY,95,30,-2.28
YYY,5,35,-2.23
YYY,10,35,-3.05
YYY,15,35,-2.18
YYY,20,35,-2.34
YYY,25,35,-2.91
YYY,30,35,-2.19
YYY,35,35,-2.12
YYY,40,35,-2.25
YYY,45,35,-3.38
YYY,50,35,-2.62
YYY,55,35,-3.15
YYY,60,35,-2.55
YYY,65,35,-2.64
YYY,70,35,-2.56
YYY,75,35,-3.12
YYY,80,35,-2.28
YYY,85,35,-2.36
YYY,90,35,-2.81
YYY,95,35,-2.94
YYY,5,40,-1.72
YYY,10,40,-2.94
YYY,15,40,-2.80
YYY,20,40,-2.83
YYY,25,40,-2.64
YYY,30,40,-2.03
YYY,35,40,-2.38
YYY,40,40,-2.68
YYY,45,40,-2.93
YYY,50,40,-3.04
YYY,55,40,-3.22
YYY,60,40,-3.10
YYY,65,40,-2.80
YYY,70,40,-2.00
YYY,75,40,-2.73
YYY,80,40,-2.68
YYY,85,40,-2.10
YYY,90,40,-2.49
YYY,95,40,-2.11
YYY,5,45,-2.37
YYY,10,45,-2.40
YYY,15,45,-2.70
YYY,20,45,-2.47
YYY,25,45,-2.56
YYY,30,45,-3.05
YYY,35,45,-3.32
YYY,40,45,-2.55
YYY,45,45,-2.63
YYY,50,45,-3.02
YYY,55,45,-2.85
YYY,60,45,-3.07
YYY,65,45,-2.55
YYY,70,45,-1.89
YYY,75,45,-3.22
YYY,80,45,-3.37
YYY,85,45,-3.15
YYY,90,45,-2.80
YYY,95,45,-2.41
YYY,5,50,-2.01
YYY,10,50,-2.13
YYY,15,50,-2.76
YYY,20,50,-3.23
YYY,25,50,-2.48
YYY,30,50,-2.94
YYY,35,50,-2.47
YYY,40,50,-3.20
YYY,45,50,-2.87
YYY,50,50,-3.52
YYY,55,50,-2.23
YYY,60,50,-2.60
YYY,65,50,-2.41
YYY,70,50,-1.76
YYY,75,50,-1.90
YYY,80,50,-2.62
YYY,85,50,-3.41
YYY,90,50,-3.17
YYY,95,50,-2.73
YYY,5,55,-2.97
YYY,10,55,-2.53
YYY,15,55,-2.66
YYY,20,55,-2.68
YYY,25,55,-3.23
YYY,30,55,-2.50
YYY,35,55,-2.62
YYY,40,55,-2.74
YYY,45,55,-2.05
YYY,50,55,-2.47
YYY,55,55,-2.77
YYY,60,55,-3.19
YYY,65,55,-2.28
YYY,70,55,-3.48
YYY,75,55,-3.06
YYY,80,55,-3.04
YYY,85,55,-3.18
YYY,90,55,-1.86
YYY,95,55,-2.45
YYY,5,60,-1.81
YYY,10,60,-2.84
YYY,15,60,-2.07
YYY,20,60,-3.67
YYY,25,60,-2.72
YYY,30,60,-2.96
YYY,35,60,-2.85
YYY,40,60,-3.46
YYY,45,60,-2.68
YYY,50,60,-2.85
YYY,55,60,-1.66
YYY,60,60,-2.00
YYY,65,60,-2.68
YYY,70,60,-3.00
YYY,75,60,-3.15
YYY,80,60,-2.25
YYY,85,60,-1.19
YYY,90,60,-2.93
YYY,95,60,-2.43
YYY,5,65,-3.32
YYY,10,65,-2.59
YYY,15,65,-3.69
YYY,20,65,-2.09
YYY,25,65,-3.02
YYY,30,65,-2.31
YYY,35,65,-2.65
YYY,40,65,-3.00
YYY,45,65,-2.54
YYY,50,65,-2.62
YYY,55,65,-3.09
YYY,60,65,-2.08
YYY,65,65,-3.66
YYY,70,65,-2.29
YYY,75,65,-3.36
YYY,80,65,-3.07
YYY,85,65,-2.34
YYY,90,65,-2.66
YYY,95,65,-2.73
YYY,5,70,-2.47
YYY,10,70,-3.12
YYY,15,70,-2.58
YYY,20,70,-2.42
YYY,25,70,-2.18
YYY,30,70,-3.00
YYY,35,70,-3.15
YYY,40,70,-2.66
YYY,45,70,-2.96
YYY,50,70,-2.47
YYY,55,70,-2.64
YYY,60,70,-2.79
YYY,65,70,-3.23
YYY,70,70,-2.23
YYY,75,70,-3.35
YYY,80,70,-1.79
YYY,85,70,-2.34
YYY,90,70,-2.33
YYY,95,70,-2.72
YYY,5,75,-2.07
YYY,10,75,-2.15
YYY,15,75,-2.56
YYY,20,75,-2.47
YYY,25,75,-2.17
YYY,30,75,-2.94
YYY,35,75,-2.21
YYY,40,75,-2.20
YYY,45,75,-3.52
YYY,50,75,-2.61
YYY,55,75,-2.19
YYY,60,75,-2.63
YYY,65,75,-2.48
YYY,70,75,-2.45
YYY,75,75,-2.24
YYY,80,75,-2.17
YYY,85,75,-2.79
YYY,90,75,-3.04
YYY,95,75,-2.60
YYY,5,80,-2.79
YYY,10,80,-2.74
YYY,15,80,-3.11
YYY,20,80,-3.11
YYY,25,80,-2.94
YYY,30,80,-2.56
YYY,35,80,-2.17
YYY,40,80,-2.31
YYY,45,80,-2.36
YYY,50,80,-2.32
YYY,55,80,-3.01
YYY,60,80,-2.40
YYY,65,80,-2.72
YYY,70,80,-2.03
YYY,75,80,-3.01
YYY,80,80,-2.06
YYY,85,80,-1.97
YYY,90,80,-2.07
YYY,95,80,-3.00
YYY,5,85,-2.42
YYY,10,85,-1.90
YYY,15,85,-1.93
YYY,20,85,-2.27
YYY,25,85,-3.43
YYY,30,85,-2.89
YYY,35,85,-2.24
YYY,40,85,-3.29
YYY,45,85,-2.30
YYY,50,85,-1.43
YYY,55,85,-2.87
YYY,60,85,-3.08
YYY,65,85,-2.86
YYY,70,85,-2.03
YYY,75,85,-2.20
YYY,80,85,-3.47
YYY,85,85,-1.98
YYY,90,85,-2.59
YYY,95,85,-2.17
YYY,5,90,-2.31
YYY,10,90,-2.56
YYY,15,90,-3.24
YYY,20,90,-3.23
YYY,25,90,-2.82
YYY,30,90,-2.79
YYY,35,90,-3.38
YYY,40,90,-2.41
YYY,45,90,-2.10
YYY,50,90,-2.37
YYY,55,90,-3.03
YYY,60,90,-3.06
YYY,65,90,-2.74
YYY,70,90,-2.99
YYY,75,90,-2.59
YYY,80,90,-2.37
YYY,85,90,-2.38
YYY,90,90,-2.98
YYY,95,90,-2.63
YYY,5,95,-2.14
YYY,10,95,-2.49
YYY,15,95,-2.35
YYY,20,95,-2.62
YYY,25,95,-2.79
YYY,30,95,-2.52
YYY,35,95,-3.10
YYY,40,95,-2.63
YYY,45,95,-2.80
YYY,50,95,-2.57
YYY,55,95,-2.77
YYY,60,95,-3.15
YYY,65,95,-2.54
YYY,70,95,-3.03
YYY,75,95,-2.88
YYY,80,95,-3.01
YYY,85,95,-2.28
YYY,90,95,-2.42
YYY,95,95,-2.49
